{
  "exam": "Fall2021",
  "course": "02450",
  "source_pdf": "ML-examsets/Fall2021.pdf",
  "solution_pdf": "ML-solutions/Fall2021_sol.pdf",
  "n_questions": 27,
  "answer_key": {
    "Q1": "C",
    "Q2": "C",
    "Q3": "B",
    "Q4": "A",
    "Q5": "D",
    "Q6": "D",
    "Q7": "C",
    "Q8": "B",
    "Q9": "A",
    "Q10": "C",
    "Q11": "B",
    "Q12": "B",
    "Q13": "B",
    "Q14": "B",
    "Q15": "B",
    "Q16": "D",
    "Q17": "C",
    "Q18": "A",
    "Q19": "A",
    "Q20": "A",
    "Q21": "C",
    "Q22": "B",
    "Q23": "C",
    "Q24": "A",
    "Q25": "C",
    "Q26": "B",
    "Q27": "C"
  },
  "questions": [
    {
      "question_id": "Q1",
      "number": 1,
      "topic": "Matching histograms to boxplots",
      "type": "B",
      "text_faithful": false,
      "question_text": "The main dataset used in this exam is the Olive Oil dataset described in Table 1. In Figure 1 and Figure 2 are shown respectively histogram plots and boxplots of the attributes x1 (palmitic), x3 (stearic), x5 (linoleic), and x8 (eicosenoic) from the Olive Oil dataset described in Table 1. Which histogram plots match which boxplots?\n\nA. Boxplot 1 is x5, boxplot 2 is x1, boxplot 3 is x3 and boxplot 4 is x8\nB. Boxplot 1 is x1, boxplot 2 is x8, boxplot 3 is x5 and boxplot 4 is x3\nC. Boxplot 1 is x1, boxplot 2 is x3, boxplot 3 is x5 and boxplot 4 is x8\nD. Boxplot 1 is x1, boxplot 2 is x5, boxplot 3 is x8 and boxplot 4 is x3",
      "options": {
        "A": "Boxplot 1 is x5, boxplot 2 is x1, boxplot 3 is x3 and boxplot 4 is x8",
        "B": "Boxplot 1 is x1, boxplot 2 is x8, boxplot 3 is x5 and boxplot 4 is x3",
        "C": "Boxplot 1 is x1, boxplot 2 is x3, boxplot 3 is x5 and boxplot 4 is x8",
        "D": "Boxplot 1 is x1, boxplot 2 is x5, boxplot 3 is x8 and boxplot 4 is x3"
      },
      "correct_answer": "C",
      "text_representation": null,
      "needs_screenshot": true,
      "screenshot_path": "data/screenshots/Fall2021_Q1.png",
      "source_location": "exam p.2, Figure 1 (four histograms of x1,x3,x5,x8) and Figure 2 (four boxplots)"
    },
    {
      "question_id": "Q2",
      "number": 2,
      "topic": "PCA / empirical covariance matrix",
      "type": "B",
      "text_faithful": false,
      "question_text": "In this question we will only consider the first five attributes x1, x2, x3, x4 and x5 of the Olive Oil dataset in Table 1. A scatter plot matrix for these attributes is shown in Figure 3. We also calculate the empirical covariance matrix, Sigma_hat, for the first five attributes. Which one of the following matrices is the correct empirical covariance matrix for these attributes?\n\nA. [[564.3, -77.5, 292.5, -388.5, 164.0], [-77.5, 271.5, -72.5, 36.0, -42.0], [292.5, -72.5, 392.4, -324.8, 248.1], [-388.5, 36.0, -324.8, 369.9, -241.4], [164.0, -42.0, 248.1, -241.4, 224.6]]\nB. [[-564.3, -77.5, 292.5, -388.5, 164.0], [-77.5, -271.5, -72.5, 36.0, -42.0], [292.5, -72.5, -392.4, -324.8, 248.1], [-388.5, 36.0, -324.8, -369.9, -241.4], [164.0, -42.0, 248.1, -241.4, -224.6]]\nC. [[224.6, 248.1, -42.0, -241.4, 164.0], [248.1, 392.4, -72.5, -324.8, 292.5], [-42.0, -72.5, 271.5, 36.0, -77.5], [-241.4, -324.8, 36.0, 369.9, -388.5], [164.0, 292.5, -77.5, -388.5, 564.3]]\nD. [[-224.6, 248.1, -42.0, -241.4, 164.0], [248.1, -392.4, -72.5, -324.8, 292.5], [-42.0, -72.5, -271.5, 36.0, -77.5], [-241.4, -324.8, 36.0, -369.9, -388.5], [164.0, 292.5, -77.5, -388.5, -564.3]]",
      "options": {
        "A": "[[564.3, -77.5, 292.5, -388.5, 164.0], [-77.5, 271.5, -72.5, 36.0, -42.0], [292.5, -72.5, 392.4, -324.8, 248.1], [-388.5, 36.0, -324.8, 369.9, -241.4], [164.0, -42.0, 248.1, -241.4, 224.6]]",
        "B": "[[-564.3, -77.5, 292.5, -388.5, 164.0], [-77.5, -271.5, -72.5, 36.0, -42.0], [292.5, -72.5, -392.4, -324.8, 248.1], [-388.5, 36.0, -324.8, -369.9, -241.4], [164.0, -42.0, 248.1, -241.4, -224.6]]",
        "C": "[[224.6, 248.1, -42.0, -241.4, 164.0], [248.1, 392.4, -72.5, -324.8, 292.5], [-42.0, -72.5, 271.5, 36.0, -77.5], [-241.4, -324.8, 36.0, 369.9, -388.5], [164.0, 292.5, -77.5, -388.5, 564.3]]",
        "D": "[[-224.6, 248.1, -42.0, -241.4, 164.0], [248.1, -392.4, -72.5, -324.8, 292.5], [-42.0, -72.5, -271.5, 36.0, -77.5], [-241.4, -324.8, 36.0, -369.9, -388.5], [164.0, 292.5, -77.5, -388.5, -564.3]]"
      },
      "correct_answer": "C",
      "text_representation": null,
      "needs_screenshot": true,
      "screenshot_path": "data/screenshots/Fall2021_Q2.png",
      "source_location": "exam p.3, Figure 3 (scatter plot matrix of x1-x5)"
    },
    {
      "question_id": "Q3",
      "number": 3,
      "topic": "PCA / variance explained from SVD",
      "type": "A",
      "text_faithful": true,
      "question_text": "A Principal Component Analysis (PCA) is carried out on the Olive Oil dataset in Table 1 based on the attributes x1, x2, x3, x4 and x5. The data is standardized by (i) subtracting the mean and (ii) dividing each column by its standard deviation to obtain the standardized data matrix X_tilde. A singular value decomposition is then carried out on the standardized data matrix to obtain the decomposition U S V^T = X_tilde, where\nV = [[0.48, 0.09, -0.57, 0.52, 0.42], [0.51, 0.03, -0.27, -0.82, 0.05], [-0.15, 0.98, 0.03, -0.07, 0.08], [-0.54, -0.16, -0.14, -0.25, 0.78], [0.45, 0.01, 0.77, 0.05, 0.46]]\nand\nS = diag(43.4, 23.39, 18.26, 9.34, 2.14).\nWhich one of the following statements is true?\n\nA. The variance explained by the last four principal components is less than 0.3 of the total variance.\nB. The variance explained by the first three principal components is greater than 0.9 of the total variance.\nC. The variance explained by the first four principal components is less than 0.95 of the total variance.\nD. The variance explained by the first principal component is greater than 0.715 of the total variance.",
      "options": {
        "A": "The variance explained by the last four principal components is less than 0.3 of the total variance.",
        "B": "The variance explained by the first three principal components is greater than 0.9 of the total variance.",
        "C": "The variance explained by the first four principal components is less than 0.95 of the total variance.",
        "D": "The variance explained by the first principal component is greater than 0.715 of the total variance."
      },
      "correct_answer": "B",
      "text_representation": null,
      "needs_screenshot": false,
      "screenshot_path": null,
      "source_location": "exam p.4, Question 3 (V and S matrices printed inline as Equation 1)"
    },
    {
      "question_id": "Q4",
      "number": 4,
      "topic": "PCA / interpreting projections from V",
      "type": "A",
      "text_faithful": true,
      "question_text": "Consider again the PCA analysis for the Olive Oil dataset, in particular the SVD decomposition of X_tilde in Equation (1), where\nV = [[0.48, 0.09, -0.57, 0.52, 0.42], [0.51, 0.03, -0.27, -0.82, 0.05], [-0.15, 0.98, 0.03, -0.07, 0.08], [-0.54, -0.16, -0.14, -0.25, 0.78], [0.45, 0.01, 0.77, 0.05, 0.46]].\nThe attributes are x1 (palmitic), x2 (palmitoleic), x3 (stearic), x4 (oleic), x5 (linoleic). Which one of the following statements is true?\n\nA. An observation with a low value of x1 (palmitic), a low value of x2 (palmitoleic), a high value of x4 (oleic), and a low value of x5 (linoleic) will typically have a negative value of the projection onto principal component number 1.\nB. An observation with a high value of x3 (stearic) will typically have a negative value of the projection onto principal component number 2.\nC. An observation with a low value of x1 (palmitic), a high value of x2 (palmitoleic), and a high value of x4 (oleic) will typically have a positive value of the projection onto principal component number 4.\nD. An observation with a low value of x1 (palmitic), a low value of x2 (palmitoleic), and a high value of x5 (linoleic) will typically have a negative value of the projection onto principal component number 3.",
      "options": {
        "A": "An observation with a low value of x1 (palmitic), a low value of x2 (palmitoleic), a high value of x4 (oleic), and a low value of x5 (linoleic) will typically have a negative value of the projection onto principal component number 1.",
        "B": "An observation with a high value of x3 (stearic) will typically have a negative value of the projection onto principal component number 2.",
        "C": "An observation with a low value of x1 (palmitic), a high value of x2 (palmitoleic), and a high value of x4 (oleic) will typically have a positive value of the projection onto principal component number 4.",
        "D": "An observation with a low value of x1 (palmitic), a low value of x2 (palmitoleic), and a high value of x5 (linoleic) will typically have a negative value of the projection onto principal component number 3."
      },
      "correct_answer": "A",
      "text_representation": null,
      "needs_screenshot": false,
      "screenshot_path": null,
      "source_location": "exam p.4, Question 4 (uses V matrix from Equation 1 in Q3)"
    },
    {
      "question_id": "Q5",
      "number": 5,
      "topic": "PCA projection scatter / classifier separability",
      "type": "B",
      "text_faithful": false,
      "question_text": "A Principal Component Analysis (PCA) is carried out on all the eight attributes of the Olive Oil dataset in Table 1. All the objects from four regions of origin are projected onto the first two principal components and visualised as a scatter plot in Figure 4. Which one of the following statements is true?\n\nA. There exists a logistic regression classifier that takes the observations projected onto the first two principal components as input, which can binary classify the observations in the two regions South Apulia (y = 3) and Sicily (y = 4) with 0 error.\nB. Any classification tree using axis-aligned splits that takes the observation projected onto the first two principal components as input and binary classify the observations in the two regions South Apulia (y = 3) and Umbria (y = 9) has an error strictly greater than 0.\nC. Any classification tree using axis-aligned splits that takes all eighth attributes as input and binary classify the observations in the two regions South Apulia (y = 3) and Inner Sardinia (y = 5) has an error strictly greater than 0.\nD. There exists a logistic regression classifier that takes all eighth attributes as input, which can binary classify the observations in the two regions South Apulia (y = 3) and Umbria (y = 9) with 0 error.",
      "options": {
        "A": "There exists a logistic regression classifier that takes the observations projected onto the first two principal components as input, which can binary classify the observations in the two regions South Apulia (y = 3) and Sicily (y = 4) with 0 error.",
        "B": "Any classification tree using axis-aligned splits that takes the observation projected onto the first two principal components as input and binary classify the observations in the two regions South Apulia (y = 3) and Umbria (y = 9) has an error strictly greater than 0.",
        "C": "Any classification tree using axis-aligned splits that takes all eighth attributes as input and binary classify the observations in the two regions South Apulia (y = 3) and Inner Sardinia (y = 5) has an error strictly greater than 0.",
        "D": "There exists a logistic regression classifier that takes all eighth attributes as input, which can binary classify the observations in the two regions South Apulia (y = 3) and Umbria (y = 9) with 0 error."
      },
      "correct_answer": "D",
      "text_representation": null,
      "needs_screenshot": true,
      "screenshot_path": "data/screenshots/Fall2021_Q5.png",
      "source_location": "exam p.5, Figure 4 (PCA projection scatter plot of four classes)"
    },
    {
      "question_id": "Q6",
      "number": 6,
      "topic": "KNN classifier / hold-out accuracy",
      "type": "C",
      "text_faithful": true,
      "question_text": "Consider the distances in Table 2 based on 11 observations from the Olive Oil dataset. The class labels C1, C2, C3 (black observations {o1, o2} belong to class C1 = North Apulia; red observations {o3, o4, o5, o6, o7} belong to class C2 = Calabria; blue observations {o8, o9, o10, o11} belong to class C3 = South Apulia) will be predicted using a K-nearest neighbour classifier based on the distances given in Table 2 (ties are broken in the usual manner by considering the nearest observation from the tied classes). We will apply a 3-nearest neighbour classifier (i.e., K = 3) and hold-out cross-validation, in which the 11 observations is split into a training and test set. The training and test set is given by the observations:\nD_train = {o1, o2, o3, o6, o7, o8, o9, o11}\nD_test = {o4, o5, o10}\nIf we train the model on the training set, what is the accuracy as computed on the test set?\n\nA. accuracy = 0\nB. accuracy = 1/3\nC. accuracy = 2/3\nD. accuracy = 1",
      "options": {
        "A": "accuracy = 0",
        "B": "accuracy = 1/3",
        "C": "accuracy = 2/3",
        "D": "accuracy = 1"
      },
      "correct_answer": "D",
      "text_representation": "Table 2: pairwise Euclidean distances d(o_i, o_j) between 11 observations (M = 8 features). Classes: C1 = {o1, o2}, C2 = {o3, o4, o5, o6, o7}, C3 = {o8, o9, o10, o11}.\n        o1     o2     o3     o4     o5     o6     o7     o8     o9     o10    o11\n o1     0.0    53.8   87.0   67.4   67.5   71.2   65.2   117.9  56.1   90.3   109.8\n o2     53.8   0.0    69.9   75.5   62.9   58.0   63.0   135.0  84.1   107.9  131.5\n o3     87.0   69.9   0.0    49.7   38.5   19.3   35.5   91.8   76.9   78.7   89.1\n o4     67.4   75.5   49.7   0.0    24.2   47.2   47.0   62.3   33.4   37.2   60.0\n o5     67.5   62.9   38.5   24.2   0.0    37.7   41.7   79.5   52.4   60.2   78.9\n o6     71.2   58.0   19.3   47.2   37.7   0.0    21.5   95.6   68.3   78.4   91.0\n o7     65.2   63.0   35.5   47.0   41.7   21.5   0.0    96.0   64.3   75.5   89.4\n o8     117.9  135.0  91.8   62.3   79.5   95.6   96.0   0.0    66.9   44.3   24.2\n o9     56.1   84.1   76.9   33.4   52.4   68.3   64.3   66.9   0.0    39.2   60.7\n o10    90.3   107.9  78.7   37.2   60.2   78.4   75.5   44.3   39.2   0.0    39.4\n o11    109.8  131.5  89.1   60.0   78.9   91.0   89.4   24.2   60.7   39.4   0.0",
      "needs_screenshot": true,
      "screenshot_path": "data/screenshots/Fall2021_Q6.png",
      "source_location": "exam p.5, Table 2 (11x11 pairwise distance matrix)"
    },
    {
      "question_id": "Q7",
      "number": 7,
      "topic": "Hierarchical clustering / matching dendrogram",
      "type": "B",
      "text_faithful": false,
      "question_text": "A hierarchical clustering is applied to the 11 observations in Table 2 using maximum linkage. Which one of the dendrograms shown in Figure 5 corresponds to the distances given in Table 2?\n\nA. Dendrogram 1\nB. Dendrogram 2\nC. Dendrogram 3\nD. Dendrogram 4",
      "options": {
        "A": "Dendrogram 1",
        "B": "Dendrogram 2",
        "C": "Dendrogram 3",
        "D": "Dendrogram 4"
      },
      "correct_answer": "C",
      "text_representation": null,
      "needs_screenshot": true,
      "screenshot_path": "data/screenshots/Fall2021_Q7.png",
      "source_location": "exam p.6, Figure 5 (four candidate dendrograms)"
    },
    {
      "question_id": "Q8",
      "number": 8,
      "topic": "KNN density estimation",
      "type": "C",
      "text_faithful": true,
      "question_text": "To examine if observation o5 may be an outlier, we will calculate the K-nearest neighborhood density using only the observations and distances in Table 2. For an observation o_i, recall the density is computed using the set of K nearest neighbors of observation o_i excluding the i'th observation itself, N_{X\\i}(o_i, K), and is denoted by density_{X\\i}(o_i, K). What is the density for observation o5 for K = 3 nearest neighbors?\n\nA. 0.034\nB. 0.030\nC. 0.041\nD. 0.879",
      "options": {
        "A": "0.034",
        "B": "0.030",
        "C": "0.041",
        "D": "0.879"
      },
      "correct_answer": "B",
      "text_representation": "Table 2: pairwise Euclidean distances d(o_i, o_j) between 11 observations (M = 8 features). Classes: C1 = {o1, o2}, C2 = {o3, o4, o5, o6, o7}, C3 = {o8, o9, o10, o11}.\n        o1     o2     o3     o4     o5     o6     o7     o8     o9     o10    o11\n o1     0.0    53.8   87.0   67.4   67.5   71.2   65.2   117.9  56.1   90.3   109.8\n o2     53.8   0.0    69.9   75.5   62.9   58.0   63.0   135.0  84.1   107.9  131.5\n o3     87.0   69.9   0.0    49.7   38.5   19.3   35.5   91.8   76.9   78.7   89.1\n o4     67.4   75.5   49.7   0.0    24.2   47.2   47.0   62.3   33.4   37.2   60.0\n o5     67.5   62.9   38.5   24.2   0.0    37.7   41.7   79.5   52.4   60.2   78.9\n o6     71.2   58.0   19.3   47.2   37.7   0.0    21.5   95.6   68.3   78.4   91.0\n o7     65.2   63.0   35.5   47.0   41.7   21.5   0.0    96.0   64.3   75.5   89.4\n o8     117.9  135.0  91.8   62.3   79.5   95.6   96.0   0.0    66.9   44.3   24.2\n o9     56.1   84.1   76.9   33.4   52.4   68.3   64.3   66.9   0.0    39.2   60.7\n o10    90.3   107.9  78.7   37.2   60.2   78.4   75.5   44.3   39.2   0.0    39.4\n o11    109.8  131.5  89.1   60.0   78.9   91.0   89.4   24.2   60.7   39.4   0.0",
      "needs_screenshot": true,
      "screenshot_path": "data/screenshots/Fall2021_Q8.png",
      "source_location": "exam p.6, Table 2 (11x11 pairwise distance matrix)"
    },
    {
      "question_id": "Q9",
      "number": 9,
      "topic": "Kernel density estimation",
      "type": "C",
      "text_faithful": true,
      "question_text": "Consider again the distances in Table 2 calculated from the Olive Oil dataset in Table 1 with M = 8 features. We wish to apply kernel density estimation for observations in the data-set. Apply kernel density estimation for the observation o11, where only the closest two observations are used to estimate the kernel density and excluding o11. Set the kernel width lambda = 20. What is the estimated density at o11 using these assumptions?\n\nA. p_lambda(o11) ~ (1/2) * 1/sqrt((2*pi*20^2)^8) * 0.6246\nB. p_lambda(o11) ~ (1/2) * 1/sqrt((2*pi*20^2)^8) * 1.922\nC. p_lambda(o11) ~ 1/sqrt((2*pi*20^2)^8) * 0.6246\nD. p_lambda(o11) ~ 1/sqrt((2*pi*20^2)^8) * 1.922",
      "options": {
        "A": "p_lambda(o11) ~ (1/2) * 1/sqrt((2*pi*20^2)^8) * 0.6246",
        "B": "p_lambda(o11) ~ (1/2) * 1/sqrt((2*pi*20^2)^8) * 1.922",
        "C": "p_lambda(o11) ~ 1/sqrt((2*pi*20^2)^8) * 0.6246",
        "D": "p_lambda(o11) ~ 1/sqrt((2*pi*20^2)^8) * 1.922"
      },
      "correct_answer": "A",
      "text_representation": "Table 2: pairwise Euclidean distances d(o_i, o_j) between 11 observations (M = 8 features). Classes: C1 = {o1, o2}, C2 = {o3, o4, o5, o6, o7}, C3 = {o8, o9, o10, o11}.\n        o1     o2     o3     o4     o5     o6     o7     o8     o9     o10    o11\n o1     0.0    53.8   87.0   67.4   67.5   71.2   65.2   117.9  56.1   90.3   109.8\n o2     53.8   0.0    69.9   75.5   62.9   58.0   63.0   135.0  84.1   107.9  131.5\n o3     87.0   69.9   0.0    49.7   38.5   19.3   35.5   91.8   76.9   78.7   89.1\n o4     67.4   75.5   49.7   0.0    24.2   47.2   47.0   62.3   33.4   37.2   60.0\n o5     67.5   62.9   38.5   24.2   0.0    37.7   41.7   79.5   52.4   60.2   78.9\n o6     71.2   58.0   19.3   47.2   37.7   0.0    21.5   95.6   68.3   78.4   91.0\n o7     65.2   63.0   35.5   47.0   41.7   21.5   0.0    96.0   64.3   75.5   89.4\n o8     117.9  135.0  91.8   62.3   79.5   95.6   96.0   0.0    66.9   44.3   24.2\n o9     56.1   84.1   76.9   33.4   52.4   68.3   64.3   66.9   0.0    39.2   60.7\n o10    90.3   107.9  78.7   37.2   60.2   78.4   75.5   44.3   39.2   0.0    39.4\n o11    109.8  131.5  89.1   60.0   78.9   91.0   89.4   24.2   60.7   39.4   0.0",
      "needs_screenshot": true,
      "screenshot_path": "data/screenshots/Fall2021_Q9.png",
      "source_location": "exam p.6, Table 2 (11x11 pairwise distance matrix)"
    },
    {
      "question_id": "Q10",
      "number": 10,
      "topic": "Bayes / conditional probability from binary matrix",
      "type": "C",
      "text_faithful": true,
      "question_text": "Now, we consider the binarized version of the Olive Oil dataset in Table 3. According to this dataset, what is the probability that a sample comes from the region Calabria given that we in that sample observe that the palmitic content is below the median and that the arachidic content is above the median?\n\nA. p(C2 | f1 = 0, f6 = 1) = 5/11\nB. p(C2 | f1 = 0, f6 = 1) = 4/7\nC. p(C2 | f1 = 0, f6 = 1) = 5/7\nD. p(C2 | f1 = 0, f6 = 1) = 1",
      "options": {
        "A": "p(C2 | f1 = 0, f6 = 1) = 5/11",
        "B": "p(C2 | f1 = 0, f6 = 1) = 4/7",
        "C": "p(C2 | f1 = 0, f6 = 1) = 5/7",
        "D": "p(C2 | f1 = 0, f6 = 1) = 1"
      },
      "correct_answer": "C",
      "text_representation": "Table 3: Binarized version of the Olive Oil dataset. Each feature f_i = 1 if attribute x_i is greater than its median (else f_i = 0). Classes: C1 = {o1, o2} (North Apulia), C2 = {o3, o4, o5, o6, o7} (Calabria), C3 = {o8, o9, o10, o11} (South Apulia).\n        f1  f2  f3  f4  f5  f6  f7  f8\n o1      0   0   0   1   0   0   0   1\n o2      0   0   1   0   0   1   0   1\n o3      0   0   1   0   0   1   0   1\n o4      0   1   0   0   0   1   0   1\n o5      0   0   0   0   0   1   0   1\n o6      0   0   1   0   1   1   0   1\n o7      0   0   1   0   0   1   0   1\n o8      1   1   0   0   0   0   1   1\n o9      0   1   0   0   0   0   0   1\n o10     0   1   0   0   0   1   0   1\n o11     1   1   0   0   0   0   0   0",
      "needs_screenshot": true,
      "screenshot_path": "data/screenshots/Fall2021_Q10.png",
      "source_location": "exam p.7, Table 3 (11x8 binarized observation matrix)"
    },
    {
      "question_id": "Q11",
      "number": 11,
      "topic": "Similarity measures (SMC, cosine, Jaccard)",
      "type": "C",
      "text_faithful": true,
      "question_text": "Consider the observations in Table 3. We consider these as 8-dimensional binary vectors and wish to compute the pairwise similarity. Which one of the following statements is true?\n\nA. SMC(o2, o4) ~ 0.626\nB. Cos(o1, o2) ~ 0.408\nC. SMC(o3, o4) ~ 0.263\nD. J(o2, o4) ~ 0.843",
      "options": {
        "A": "SMC(o2, o4) ~ 0.626",
        "B": "Cos(o1, o2) ~ 0.408",
        "C": "SMC(o3, o4) ~ 0.263",
        "D": "J(o2, o4) ~ 0.843"
      },
      "correct_answer": "B",
      "text_representation": "Table 3: Binarized version of the Olive Oil dataset. Each feature f_i = 1 if attribute x_i is greater than its median (else f_i = 0). Classes: C1 = {o1, o2} (North Apulia), C2 = {o3, o4, o5, o6, o7} (Calabria), C3 = {o8, o9, o10, o11} (South Apulia).\n        f1  f2  f3  f4  f5  f6  f7  f8\n o1      0   0   0   1   0   0   0   1\n o2      0   0   1   0   0   1   0   1\n o3      0   0   1   0   0   1   0   1\n o4      0   1   0   0   0   1   0   1\n o5      0   0   0   0   0   1   0   1\n o6      0   0   1   0   1   1   0   1\n o7      0   0   1   0   0   1   0   1\n o8      1   1   0   0   0   0   1   1\n o9      0   1   0   0   0   0   0   1\n o10     0   1   0   0   0   1   0   1\n o11     1   1   0   0   0   0   0   0",
      "needs_screenshot": true,
      "screenshot_path": "data/screenshots/Fall2021_Q11.png",
      "source_location": "exam p.7, Table 3 (11x8 binarized observation matrix)"
    },
    {
      "question_id": "Q12",
      "number": 12,
      "topic": "Decision tree / Gini impurity gain",
      "type": "C",
      "text_faithful": true,
      "question_text": "Consider again the binary data presented in Table 3 with three classes. We will use Hunt's algorithm to construct a classification tree using the Gini impurity measure. Suppose that the data in Table 3 is at the root node, and a binary split is made based on two different values of f2. What is the impurity gain of this split?\n\nA. Delta = 136/1815\nB. Delta = 436/1815\nC. Delta = 3/11\nD. Delta = 1379/1815",
      "options": {
        "A": "Delta = 136/1815",
        "B": "Delta = 436/1815",
        "C": "Delta = 3/11",
        "D": "Delta = 1379/1815"
      },
      "correct_answer": "B",
      "text_representation": "Table 3: Binarized version of the Olive Oil dataset. Each feature f_i = 1 if attribute x_i is greater than its median (else f_i = 0). Classes: C1 = {o1, o2} (North Apulia), C2 = {o3, o4, o5, o6, o7} (Calabria), C3 = {o8, o9, o10, o11} (South Apulia).\n        f1  f2  f3  f4  f5  f6  f7  f8\n o1      0   0   0   1   0   0   0   1\n o2      0   0   1   0   0   1   0   1\n o3      0   0   1   0   0   1   0   1\n o4      0   1   0   0   0   1   0   1\n o5      0   0   0   0   0   1   0   1\n o6      0   0   1   0   1   1   0   1\n o7      0   0   1   0   0   1   0   1\n o8      1   1   0   0   0   0   1   1\n o9      0   1   0   0   0   0   0   1\n o10     0   1   0   0   0   1   0   1\n o11     1   1   0   0   0   0   0   0",
      "needs_screenshot": true,
      "screenshot_path": "data/screenshots/Fall2021_Q12.png",
      "source_location": "exam p.7, Table 3 (11x8 binarized observation matrix)"
    },
    {
      "question_id": "Q13",
      "number": 13,
      "topic": "Association rules / confidence",
      "type": "C",
      "text_faithful": true,
      "question_text": "We consider the binary matrix from Table 3 as a market basket problem consisting of N = 11 transactions o1, ..., o11 and M = 8 items f1, ..., f8. What is the confidence of the rule {f6, f8} -> {f3, f5}?\n\nA. The confidence is 1/11\nB. The confidence is 1/7\nC. The confidence is 4/11\nD. The confidence is 1",
      "options": {
        "A": "The confidence is 1/11",
        "B": "The confidence is 1/7",
        "C": "The confidence is 4/11",
        "D": "The confidence is 1"
      },
      "correct_answer": "B",
      "text_representation": "Table 3: Binarized version of the Olive Oil dataset. Each feature f_i = 1 if attribute x_i is greater than its median (else f_i = 0). N = 11 transactions, M = 8 items.\n        f1  f2  f3  f4  f5  f6  f7  f8\n o1      0   0   0   1   0   0   0   1\n o2      0   0   1   0   0   1   0   1\n o3      0   0   1   0   0   1   0   1\n o4      0   1   0   0   0   1   0   1\n o5      0   0   0   0   0   1   0   1\n o6      0   0   1   0   1   1   0   1\n o7      0   0   1   0   0   1   0   1\n o8      1   1   0   0   0   0   1   1\n o9      0   1   0   0   0   0   0   1\n o10     0   1   0   0   0   1   0   1\n o11     1   1   0   0   0   0   0   0",
      "needs_screenshot": true,
      "screenshot_path": "data/screenshots/Fall2021_Q13.png",
      "source_location": "exam p.7, Table 3 (11x8 binarized observation matrix)"
    },
    {
      "question_id": "Q14",
      "number": 14,
      "topic": "Apriori algorithm / frequent itemsets L3",
      "type": "C",
      "text_faithful": true,
      "question_text": "Again, we consider the binarized version of the Olive Oil dataset in Table 3 as a market basket problem consisting of N = 11 transactions o1, ..., o11 and M = 8 items f1, ..., f8. We want to apply the Apriori algorithm (the specific variant described in Chapter 21 of the lecture notes) to find all itemsets with support greater than epsilon = 0.3. What is the content of L3 when the Apriori algorithm is completed?\n\nA. L3 = {}\nB. L3 = {{f3, f6, f8}}\nC. L3 = {{f2, f6, f8}, {f3, f6, f8}}\nD. L3 = {{f2}, {f3}, {f6}, {f8}}",
      "options": {
        "A": "L3 = {}",
        "B": "L3 = {{f3, f6, f8}}",
        "C": "L3 = {{f2, f6, f8}, {f3, f6, f8}}",
        "D": "L3 = {{f2}, {f3}, {f6}, {f8}}"
      },
      "correct_answer": "B",
      "text_representation": "Table 3: Binarized version of the Olive Oil dataset. Each feature f_i = 1 if attribute x_i is greater than its median (else f_i = 0). N = 11 transactions, M = 8 items.\n        f1  f2  f3  f4  f5  f6  f7  f8\n o1      0   0   0   1   0   0   0   1\n o2      0   0   1   0   0   1   0   1\n o3      0   0   1   0   0   1   0   1\n o4      0   1   0   0   0   1   0   1\n o5      0   0   0   0   0   1   0   1\n o6      0   0   1   0   1   1   0   1\n o7      0   0   1   0   0   1   0   1\n o8      1   1   0   0   0   0   1   1\n o9      0   1   0   0   0   0   0   1\n o10     0   1   0   0   0   1   0   1\n o11     1   1   0   0   0   0   0   0",
      "needs_screenshot": true,
      "screenshot_path": "data/screenshots/Fall2021_Q14.png",
      "source_location": "exam p.7, Table 3 (11x8 binarized observation matrix)"
    },
    {
      "question_id": "Q15",
      "number": 15,
      "topic": "Naive Bayes classifier with Gaussian density",
      "type": "C",
      "text_faithful": true,
      "question_text": "Consider the small subset of the Olive Oil dataset shown in Table 4. Suppose we train a naive-Bayes classifier on this subset to predict the class label y from only the attributes x1 and x2. In this naive-Bayes classifier, we assume that the conditional density of each attribute is a 1D Gaussian, p(x_i | C_j) = N(x_i | mu_{j,i}, sigma^2), where mu_{j,i} is the mean of the i'th feature for class j. We will assume that sigma^2 = 400 for all attributes and all classes. For a test Olive Oil sample, we observe that x1 = 32.0, x2 = 14.0. Furthermore, you can assume that the value of denominator in the calculation of the class-probabilities using the naive-bayes classifier is p_NB(x1 = 15.0, x2 = 14.0) = 0.00010141. What is then the probability that the oil comes from the region North Apulia (C1) according to the naive-Bayes classifier?\n\nA. p_NB(C1 | x1 = 32.0, x2 = 14.0) ~ 59%\nB. p_NB(C1 | x1 = 32.0, x2 = 14.0) ~ 71%\nC. p_NB(C1 | x1 = 32.0, x2 = 14.0) ~ 84%\nD. p_NB(C1 | x1 = 32.0, x2 = 14.0) ~ 96%",
      "options": {
        "A": "p_NB(C1 | x1 = 32.0, x2 = 14.0) ~ 59%",
        "B": "p_NB(C1 | x1 = 32.0, x2 = 14.0) ~ 71%",
        "C": "p_NB(C1 | x1 = 32.0, x2 = 14.0) ~ 84%",
        "D": "p_NB(C1 | x1 = 32.0, x2 = 14.0) ~ 96%"
      },
      "correct_answer": "B",
      "text_representation": "Table 4: A small subset of 11 observations for the Olive Oil dataset. Classes: C1 = {o1, o2} (North Apulia), C2 = {o3, o4, o5, o6, o7} (Calabria), C3 = {o8, o9, o10, o11} (South Apulia).\n        x1     x2     x3     x4     x5     x6     x7     x8\n o1      38.0   15.1   27.4   77.9   18.1   33.3   48.5   50.0\n o2      26.8   12.8   52.0   77.0   22.5   68.1   66.0   75.0\n o3      64.5   39.6   74.4   37.1   45.7   66.7   66.0   64.3\n o4      63.2   45.7   29.1   41.4   49.1   56.9   59.2   50.0\n o5      66.3   34.3   37.7   43.1   40.9   63.9   70.9   60.7\n o6      56.7   34.7   72.2   47.3   38.4   61.1   62.1   55.4\n o7      63.4   30.6   66.4   49.8   30.2   62.5   50.5   42.9\n o8      87.1   85.3   19.3   19.2   68.6   34.7   64.1   33.9\n o9      51.3   46.8   14.8   53.4   49.3   37.5   52.4   35.7\n o10     67.5   62.3   13.0   33.2   66.7   51.4   41.7   39.3\n o11     86.0   71.3   25.1   20.5   71.9   25.0   48.5   32.1",
      "needs_screenshot": true,
      "screenshot_path": "data/screenshots/Fall2021_Q15.png",
      "source_location": "exam p.8, Table 4 (11x8 numeric observation table)"
    },
    {
      "question_id": "Q16",
      "number": 16,
      "topic": "KNN decision boundary identification",
      "type": "B",
      "text_faithful": false,
      "question_text": "Consider a two-dimensional data set comprised of N = 8 observations shown in Figure 6. The dataset consists of three classes indicated by the red squares (class 1), black triangles (class 2) and yellow circles (class 3). In the figure, the decision boundaries for four K-nearest neighbor classifiers (KNN) are shown. Which one of the plots correspond to the K = 3 nearest-neighbour classifier assuming ties are broken by assigning to the nearest neighbour's class?\n\nA. KNN decision boundary A\nB. KNN decision boundary B\nC. KNN decision boundary C\nD. KNN decision boundary D",
      "options": {
        "A": "KNN decision boundary A",
        "B": "KNN decision boundary B",
        "C": "KNN decision boundary C",
        "D": "KNN decision boundary D"
      },
      "correct_answer": "D",
      "text_representation": null,
      "needs_screenshot": true,
      "screenshot_path": "data/screenshots/Fall2021_Q16.png",
      "source_location": "exam p.8, Figure 6 (four KNN decision boundary plots)"
    },
    {
      "question_id": "Q17",
      "number": 17,
      "topic": "Neural network / parameter count",
      "type": "A",
      "text_faithful": true,
      "question_text": "An artificial neural network (ANN) trained on the Olive Oil dataset described in Table 1 will be used to predict the region of origin in Italy y as a multi-class classification problem based on all of the attributes x1, ..., x8. The neural network has a single hidden layer containing nh = 50 units that uses a sigmoid non-linear activation function. The output layer uses a softmax activation function as described in the lecture notes, Section 15.3.2. How many parameters has to be trained to fit the neural network? (The dataset has nine classes, y = 1, ..., 9.)\n\nA. Network contains 501 parameters\nB. Network contains 858 parameters\nC. The network has 909 parameters\nD. The network has 959 parameters",
      "options": {
        "A": "Network contains 501 parameters",
        "B": "Network contains 858 parameters",
        "C": "The network has 909 parameters",
        "D": "The network has 959 parameters"
      },
      "correct_answer": "C",
      "text_representation": null,
      "needs_screenshot": false,
      "screenshot_path": null,
      "source_location": "exam p.9, Question 17 (self-contained text/math)"
    },
    {
      "question_id": "Q18",
      "number": 18,
      "topic": "Neural network regression / least squares weight",
      "type": "A",
      "text_faithful": true,
      "question_text": "Consider a two layer neural network f: R^2 -> R for regression with one hidden unit and that can be written on the form\nz^(1) = h^(1)(x_tilde^T w^(1)),\nf_{(w^(1), w^(2))}(x) = z_tilde^(1)^T w^(2),\nwhere x_tilde = [1, x1, x2]^T, z^(1) in R, z_tilde^(1) = [1, z^(1)], and h^(1)(x) = max(0, x) is the activation function for the hidden layer (rectified linear unit). Assume that the weights of the first layer is fixed and given by w^(1)^T = [-2, 4, 2]. Given N observations x1, x2, ..., xN and corresponding targets y1, y2, ..., yN, our learning objective is to find the value of the weight for the second layer w^(2) that minimizes the mean squared error,\nw* = argmin_{w^(2)} (1/N) sum_i || f_{(w^(1), w^(2))}(xi) - yi ||^2,\nwhere w* = [w1*, w2*]^T in R^2. Consider the following dataset with N = 4 observations in X and the corresponding 4 targets in y:\nX = [[0, 0], [1, 0], [1, 1], [1, 2]], y = [1, 3, 5, 7]^T.\nWhich one of the following values of w* minimizes mean squared error?\n\nA. w* = [1, 1]^T\nB. w* = [1, 2]^T\nC. w* = [1, 3]^T\nD. w* = [1, 4]^T",
      "options": {
        "A": "w* = [1, 1]^T",
        "B": "w* = [1, 2]^T",
        "C": "w* = [1, 3]^T",
        "D": "w* = [1, 4]^T"
      },
      "correct_answer": "A",
      "text_representation": null,
      "needs_screenshot": false,
      "screenshot_path": null,
      "source_location": "exam p.9, Question 18 (X and y printed inline)"
    },
    {
      "question_id": "Q19",
      "number": 19,
      "topic": "AdaBoost / weight update",
      "type": "A",
      "text_faithful": true,
      "question_text": "Consider again the Olive Oil dataset of Table 1. Suppose we wish to predict the class label y using a decision tree model, and to improve performance we wish to apply AdaBoost. We apply AdaBoost to the full Olive Oil dataset. Recall the first steps of AdaBoost consists of: (i) Initialize weights, (ii) select a subset for training using sampling with replacement, and (iii) fit a model to the training set. Suppose the first fitted model has an accuracy of 3/4 on the full dataset, what is the value of the weight of a correctly classified observation i after the first round of boosting? (The dataset has N = 572 observations.)\n\nA. wi(2) = (2/3) * (1/572)\nB. wi(2) = (3/4) * (1/572)\nC. wi(2) = (4/5) * (1/572)\nD. wi(2) = (5/6) * (1/572)",
      "options": {
        "A": "wi(2) = (2/3) * (1/572)",
        "B": "wi(2) = (3/4) * (1/572)",
        "C": "wi(2) = (4/5) * (1/572)",
        "D": "wi(2) = (5/6) * (1/572)"
      },
      "correct_answer": "A",
      "text_representation": null,
      "needs_screenshot": false,
      "screenshot_path": null,
      "source_location": "exam p.10, Question 19 (self-contained text/math)"
    },
    {
      "question_id": "Q20",
      "number": 20,
      "topic": "k-means / farthest-first initialization",
      "type": "A",
      "text_faithful": true,
      "question_text": "Consider a small dataset comprised of N = 4 observations\nx = [0.4, 1.7, 3.7, 4.6]^T.\nWe wish to apply the k-means algorithm to the dataset using K = 3 and the farthest-first initialization method described in Section 18.2.2. Suppose the first selected centroid is mu1 = 1.7, what are the locations of the next two centroids?\n\nA. mu2 = 4.6, mu3 = 0.4\nB. mu2 = 4.6, mu3 = 3.7\nC. mu2 = 3.7, mu3 = 0.4\nD. mu2 = 3.7, mu3 = 4.6",
      "options": {
        "A": "mu2 = 4.6, mu3 = 0.4",
        "B": "mu2 = 4.6, mu3 = 3.7",
        "C": "mu2 = 3.7, mu3 = 0.4",
        "D": "mu2 = 3.7, mu3 = 4.6"
      },
      "correct_answer": "A",
      "text_representation": null,
      "needs_screenshot": false,
      "screenshot_path": null,
      "source_location": "exam p.10, Question 20 (data vector x printed inline)"
    },
    {
      "question_id": "Q21",
      "number": 21,
      "topic": "Linear regression with feature transform",
      "type": "C",
      "text_faithful": true,
      "question_text": "Consider the small 1D dataset shown in Table 5 comprised of N = 4 observations and where the goal is to predict yi given xi. We apply linear regression to this datasets, where we transform the features using the transformation phi(x) = [cos(pi/2 * x), sin(pi/2 * x)]^T. Find the weights w* = [w1*, w2*]^T that minimize the mean squared error. What is the value of w2*?\n\nA. w2* = 1/2\nB. w2* = 1\nC. w2* = 3/2\nD. w2* = 2",
      "options": {
        "A": "w2* = 1/2",
        "B": "w2* = 1",
        "C": "w2* = 3/2",
        "D": "w2* = 2"
      },
      "correct_answer": "C",
      "text_representation": "Table 5: Simple 1D regression dataset (N = 4 observations).\n        i=1   i=2   i=3   i=4\n xi      1     2     3     4\n yi      6     2     3     4",
      "needs_screenshot": true,
      "screenshot_path": "data/screenshots/Fall2021_Q21.png",
      "source_location": "exam p.10, Table 5 (1D regression dataset)"
    },
    {
      "question_id": "Q22",
      "number": 22,
      "topic": "Ridge regression / regularization constant",
      "type": "C",
      "text_faithful": true,
      "question_text": "Consider again the small 1D dataset shown in Table 5 comprised of N = 4 observations and where the goal is to predict yi given xi. Suppose we apply ridge regression to the problem in the form described in the lecture notes, Section 14.1, and find that the optimal weight and constant term are\nw = [-sqrt(3/20)], w0 = 15/4.\nIf the ridge regression cost function is E_lambda(w, w0) = 8, what is the value of the regularization constant?\n\nA. lambda = 1\nB. lambda = 2\nC. lambda = 4\nD. lambda = 8",
      "options": {
        "A": "lambda = 1",
        "B": "lambda = 2",
        "C": "lambda = 4",
        "D": "lambda = 8"
      },
      "correct_answer": "B",
      "text_representation": "Table 5: Simple 1D regression dataset (N = 4 observations).\n        i=1   i=2   i=3   i=4\n xi      1     2     3     4\n yi      6     2     3     4",
      "needs_screenshot": true,
      "screenshot_path": "data/screenshots/Fall2021_Q22.png",
